2022-07-04T16:28:09.168226700: Added 2.4 to wallet
2022-07-04T16:28:09.169228700: Cola purchased! Your change is:
Quarters: 1
Dimes: 1.0
Nickels: 1
Pennies: 1
